1
2
3
18
24
23
56
99
87
86
54
9
32
93
61
16
10
88
92
53
91
90
64
20
29
19
50
11
74
82
5
60
33
95
65
96
80
14
81
71
52
37
46
21
59
41
27
7
35
42
101
25
58
94
77
607
412
544
167
18300
14270
5757
2583
14831
20268
14143
28936
14650
14629
4828
26006
14759
27397
14908
23772
28078
21033
19514
9939
8041
15782
3199
20342
6108
29185
6315
26206
23137
22816
3193
15999
15981
13228
8802
19347
2399
28464
3103
7538
17096
21934
16657
21422
20585
10186
29240
29567
11214
1394
22621
4935
10101
28711
19642
16381
7205
9224
3057
3594
8314
22591
21200
2841
17448
11795
15012
36
16984
8792
10169
